p cnf 292 1436

1 2 3 4 0
0
5 6 7 8 9 0
10 11 12 13 14 15 0
16 17 18 19 20 0
21 22 23 24 25 26 0
0
27 28 29 0
30 31 32 33 34 0
35 36 37 38 0
39 40 41 42 0
0
43 44 45 46 47 48 0
49 50 51 52 0
0
53 54 55 56 0
57 58 59 60 0
0
61 62 63 64 0
0
65 66 67 68 69 0
70 71 72 73 74 75 76 0
77 78 79 80 0
81 82 83 84 85 0
86 87 88 0
0
89 90 91 92 93 0
94 95 96 97 98 0
99 100 101 102 0
103 104 105 106 107 0
108 109 110 111 112 113 114 115 0
116 117 118 119 120 0
121 122 123 124 125 0
126 127 128 0
0
129 130 131 132 133 0
134 135 136 0
137 138 0
139 140 141 142 143 0
144 145 146 147 148 149 150 0
151 152 153 154 155 156 157 0
0
158 159 160 161 162 0
0
163 164 165 166 167 168 0
169 170 171 172 0
0
0
173 174 175 176 177 178 179 0
180 181 182 183 184 185 0
186 187 188 189 190 0
191 192 193 194 0
195 196 197 0
198 199 200 201 0
0
202 203 204 0
205 206 207 0
208 209 210 211 212 213 214 0
215 216 217 218 219 0
220 221 222 223 224 0
0
225 226 227 228 0
229 230 231 232 233 0
234 235 0
0
0
236 237 238 0
0
239 240 241 242 0
243 244 245 0
0
246 247 248 249 0
0
250 251 252 0
253 254 255 256 0
257 258 259 260 0
0
261 262 263 264 0
0
265 266 267 0
268 269 270 271 0
272 0
273 0
274 0
275 0
276 0
277 0
278 0
279 0
280 0
281 0
282 0
283 0
284 0
285 0
286 0
287 0
288 0
289 0
290 0
291 0
292 0
-5 -10 0
-5 -16 0
-5 -21 0
-5 -39 0
-5 -43 0
-5 -65 0
-5 -139 0
-5 -253 0
-10 -16 0
-10 -21 0
-10 -39 0
-10 -43 0
-10 -70 0
-10 -144 0
-10 -173 0
-10 -236 0
-10 -257 0
-16 -21 0
-16 -49 0
-16 -53 0
-16 -77 0
-16 -81 0
-16 -151 0
-16 -180 0
-21 -49 0
-21 -53 0
-21 -77 0
-21 -81 0
-21 -186 0
-21 -239 0
-21 -261 0
-39 -43 0
-39 -49 0
-39 -53 0
-39 -250 0
-43 -49 0
-43 -53 0
-43 -70 0
-43 -144 0
-43 -173 0
-43 -236 0
-43 -257 0
-49 -53 0
-49 -77 0
-49 -81 0
-49 -151 0
-49 -180 0
-53 -77 0
-53 -81 0
-53 -158 0
-53 -191 0
-53 -243 0
-65 -70 0
-65 -77 0
-65 -81 0
-65 -139 0
-65 -144 0
-65 -173 0
-65 -253 0
-70 -77 0
-70 -81 0
-70 -139 0
-70 -144 0
-70 -173 0
-70 -236 0
-70 -257 0
-77 -81 0
-77 -151 0
-77 -180 0
-81 -186 0
-81 -239 0
-81 -261 0
-139 -144 0
-139 -151 0
-139 -158 0
-139 -163 0
-139 -173 0
-139 -253 0
-144 -151 0
-144 -158 0
-144 -163 0
-144 -173 0
-144 -236 0
-144 -257 0
-151 -158 0
-151 -163 0
-151 -180 0
-151 -186 0
-158 -163 0
-158 -180 0
-158 -186 0
-158 -191 0
-158 -243 0
-163 -180 0
-163 -186 0
-163 -198 0
-163 -246 0
-163 -268 0
-173 -180 0
-173 -186 0
-173 -191 0
-173 -198 0
-173 -236 0
-173 -257 0
-180 -186 0
-180 -191 0
-180 -198 0
-186 -191 0
-186 -198 0
-186 -239 0
-186 -261 0
-191 -198 0
-191 -239 0
-191 -243 0
-191 -257 0
-191 -261 0
-198 -246 0
-198 -268 0
-236 -239 0
-236 -243 0
-236 -246 0
-236 -250 0
-236 -253 0
-236 -257 0
-239 -243 0
-239 -246 0
-239 -257 0
-239 -261 0
-243 -246 0
-243 -257 0
-243 -261 0
-246 -268 0
-250 -253 0
-250 -257 0
-250 -261 0
-250 -268 0
-253 -257 0
-253 -261 0
-253 -268 0
-257 -261 0
-257 -268 0
-261 -268 0
-35 -40 0
-35 -44 0
-35 -57 0
-35 -61 0
-35 -94 0
-35 -169 0
-40 -44 0
-40 -57 0
-40 -61 0
-40 -99 0
-40 -202 0
-40 -251 0
-44 -57 0
-44 -61 0
-44 -71 0
-44 -108 0
-44 -174 0
-44 -208 0
-57 -89 0
-57 -195 0
-57 -225 0
-57 -265 0
-61 -66 0
-61 -71 0
-61 -89 0
-61 -94 0
-61 -169 0
-66 -71 0
-66 -89 0
-66 -103 0
-66 -108 0
-66 -174 0
-66 -205 0
-66 -208 0
-66 -254 0
-71 -89 0
-71 -103 0
-71 -108 0
-71 -174 0
-71 -208 0
-89 -199 0
-89 -229 0
-89 -269 0
-94 -99 0
-94 -103 0
-94 -108 0
-94 -169 0
-94 -202 0
-99 -103 0
-99 -108 0
-99 -169 0
-99 -202 0
-99 -251 0
-103 -108 0
-103 -174 0
-103 -205 0
-103 -208 0
-103 -254 0
-108 -174 0
-108 -208 0
-169 -174 0
-169 -195 0
-169 -199 0
-169 -202 0
-174 -195 0
-174 -199 0
-174 -208 0
-195 -199 0
-195 -225 0
-195 -229 0
-195 -265 0
-195 -269 0
-199 -225 0
-199 -229 0
-199 -265 0
-199 -269 0
-202 -205 0
-202 -208 0
-202 -225 0
-202 -229 0
-202 -251 0
-205 -208 0
-205 -225 0
-205 -229 0
-205 -251 0
-205 -254 0
-208 -225 0
-208 -229 0
-225 -229 0
-225 -265 0
-225 -269 0
-229 -265 0
-229 -269 0
-251 -254 0
-251 -265 0
-251 -269 0
-254 -265 0
-254 -269 0
-265 -269 0
-72 -78 0
-72 -82 0
-72 -109 0
-72 -145 0
-72 -175 0
-72 -209 0
-72 -215 0
-72 -258 0
-78 -82 0
-78 -116 0
-78 -152 0
-78 -181 0
-78 -215 0
-82 -116 0
-82 -121 0
-82 -187 0
-82 -220 0
-82 -262 0
-95 -109 0
-95 -116 0
-95 -121 0
-95 -134 0
-95 -170 0
-109 -116 0
-109 -121 0
-109 -145 0
-109 -175 0
-109 -209 0
-109 -215 0
-109 -258 0
-116 -121 0
-116 -152 0
-116 -181 0
-116 -215 0
-121 -152 0
-121 -159 0
-121 -181 0
-121 -187 0
-121 -220 0
-121 -262 0
-134 -145 0
-134 -152 0
-134 -159 0
-134 -170 0
-145 -152 0
-145 -159 0
-145 -175 0
-145 -209 0
-145 -215 0
-145 -258 0
-152 -159 0
-152 -181 0
-152 -187 0
-152 -215 0
-159 -181 0
-159 -187 0
-159 -192 0
-170 -175 0
-170 -181 0
-170 -187 0
-170 -192 0
-170 -196 0
-175 -181 0
-175 -187 0
-175 -192 0
-175 -196 0
-175 -209 0
-175 -215 0
-175 -258 0
-181 -187 0
-181 -192 0
-181 -196 0
-181 -215 0
-187 -192 0
-187 -196 0
-187 -220 0
-187 -262 0
-192 -196 0
-192 -220 0
-192 -258 0
-192 -262 0
-196 -226 0
-196 -266 0
-209 -215 0
-209 -220 0
-209 -226 0
-209 -258 0
-215 -220 0
-215 -226 0
-220 -226 0
-220 -258 0
-220 -262 0
-226 -266 0
-258 -262 0
-258 -266 0
-262 -266 0
-1 -11 0
-1 -22 0
-1 -30 0
-1 -36 0
-1 -41 0
-1 -45 0
-1 -62 0
-1 -96 0
-11 -22 0
-11 -30 0
-11 -36 0
-11 -41 0
-11 -45 0
-11 -62 0
-11 -73 0
-11 -110 0
-11 -210 0
-22 -30 0
-22 -54 0
-22 -83 0
-30 -86 0
-30 -90 0
-30 -126 0
-30 -230 0
-30 -247 0
-36 -41 0
-36 -45 0
-36 -54 0
-36 -62 0
-36 -96 0
-41 -45 0
-41 -54 0
-41 -62 0
-41 -100 0
-41 -203 0
-45 -54 0
-45 -62 0
-45 -73 0
-45 -110 0
-45 -210 0
-54 -83 0
-54 -86 0
-54 -126 0
-62 -73 0
-62 -83 0
-62 -86 0
-62 -90 0
-62 -96 0
-73 -83 0
-73 -86 0
-73 -90 0
-73 -110 0
-73 -210 0
-83 -86 0
-83 -90 0
-86 -90 0
-86 -126 0
-90 -126 0
-90 -230 0
-90 -247 0
-96 -100 0
-96 -110 0
-96 -126 0
-96 -203 0
-100 -110 0
-100 -126 0
-100 -203 0
-110 -126 0
-110 -210 0
-203 -210 0
-203 -230 0
-210 -230 0
-230 -247 0
-2 -6 0
-2 -12 0
-2 -17 0
-2 -23 0
-2 -27 0
-2 -31 0
-2 -37 0
-2 -46 0
-2 -63 0
-2 -234 0
-6 -12 0
-6 -17 0
-6 -23 0
-6 -27 0
-6 -31 0
-6 -37 0
-6 -46 0
-6 -63 0
-6 -67 0
-6 -104 0
-6 -140 0
-6 -206 0
-6 -255 0
-12 -17 0
-12 -23 0
-12 -27 0
-12 -31 0
-12 -37 0
-12 -46 0
-12 -63 0
-12 -74 0
-12 -111 0
-12 -146 0
-12 -211 0
-12 -237 0
-12 -259 0
-17 -23 0
-17 -27 0
-17 -31 0
-17 -50 0
-17 -55 0
-17 -79 0
-17 -84 0
-17 -117 0
-17 -153 0
-17 -216 0
-23 -27 0
-23 -31 0
-23 -50 0
-23 -55 0
-23 -79 0
-23 -84 0
-23 -117 0
-23 -122 0
-23 -221 0
-23 -240 0
-23 -263 0
-27 -31 0
-27 -58 0
-27 -87 0
-27 -91 0
-27 -127 0
-27 -227 0
-27 -267 0
-31 -58 0
-31 -87 0
-31 -91 0
-31 -127 0
-31 -129 0
-31 -164 0
-31 -231 0
-31 -248 0
-31 -270 0
-37 -46 0
-37 -50 0
-37 -55 0
-37 -58 0
-37 -63 0
-37 -234 0
-46 -50 0
-46 -55 0
-46 -58 0
-46 -63 0
-46 -74 0
-46 -111 0
-46 -146 0
-46 -211 0
-46 -237 0
-46 -259 0
-50 -55 0
-50 -58 0
-50 -79 0
-50 -84 0
-50 -117 0
-50 -153 0
-50 -216 0
-55 -58 0
-55 -79 0
-55 -84 0
-55 -87 0
-55 -117 0
-55 -127 0
-55 -160 0
-55 -244 0
-58 -87 0
-58 -91 0
-58 -127 0
-58 -227 0
-58 -267 0
-63 -67 0
-63 -74 0
-63 -79 0
-63 -84 0
-63 -87 0
-63 -91 0
-63 -234 0
-67 -74 0
-67 -79 0
-67 -84 0
-67 -87 0
-67 -91 0
-67 -104 0
-67 -111 0
-67 -140 0
-67 -146 0
-67 -206 0
-67 -211 0
-67 -216 0
-67 -255 0
-74 -79 0
-74 -84 0
-74 -87 0
-74 -91 0
-74 -104 0
-74 -111 0
-74 -140 0
-74 -146 0
-74 -211 0
-74 -216 0
-74 -237 0
-74 -259 0
-79 -84 0
-79 -87 0
-79 -91 0
-79 -117 0
-79 -153 0
-79 -216 0
-84 -87 0
-84 -91 0
-84 -117 0
-84 -122 0
-84 -221 0
-84 -240 0
-84 -263 0
-87 -91 0
-87 -127 0
-87 -160 0
-87 -244 0
-91 -127 0
-91 -129 0
-91 -164 0
-91 -231 0
-91 -248 0
-91 -270 0
-104 -111 0
-104 -117 0
-104 -122 0
-104 -127 0
-104 -129 0
-104 -140 0
-104 -146 0
-104 -206 0
-104 -211 0
-104 -216 0
-104 -255 0
-111 -117 0
-111 -122 0
-111 -127 0
-111 -129 0
-111 -140 0
-111 -146 0
-111 -211 0
-111 -216 0
-111 -237 0
-111 -259 0
-117 -122 0
-117 -127 0
-117 -129 0
-117 -153 0
-117 -216 0
-122 -127 0
-122 -129 0
-122 -153 0
-122 -160 0
-122 -164 0
-122 -221 0
-122 -240 0
-122 -263 0
-127 -129 0
-127 -160 0
-127 -244 0
-129 -153 0
-129 -160 0
-129 -164 0
-129 -231 0
-129 -248 0
-129 -270 0
-140 -146 0
-140 -153 0
-140 -160 0
-140 -164 0
-140 -206 0
-140 -211 0
-140 -216 0
-140 -255 0
-146 -153 0
-146 -160 0
-146 -164 0
-146 -211 0
-146 -216 0
-146 -237 0
-146 -259 0
-153 -160 0
-153 -164 0
-153 -216 0
-160 -164 0
-160 -244 0
-164 -231 0
-164 -248 0
-164 -270 0
-206 -211 0
-206 -216 0
-206 -221 0
-206 -227 0
-206 -231 0
-206 -234 0
-206 -237 0
-206 -255 0
-211 -216 0
-211 -221 0
-211 -227 0
-211 -231 0
-211 -237 0
-211 -259 0
-216 -221 0
-216 -227 0
-216 -231 0
-221 -227 0
-221 -231 0
-221 -240 0
-221 -244 0
-221 -259 0
-221 -263 0
-227 -231 0
-227 -248 0
-227 -267 0
-227 -270 0
-231 -248 0
-231 -267 0
-231 -270 0
-234 -237 0
-234 -240 0
-234 -244 0
-234 -248 0
-234 -255 0
-237 -240 0
-237 -244 0
-237 -248 0
-237 -255 0
-237 -259 0
-240 -244 0
-240 -248 0
-240 -259 0
-240 -263 0
-244 -248 0
-244 -259 0
-244 -263 0
-248 -267 0
-248 -270 0
-255 -259 0
-255 -263 0
-255 -267 0
-255 -270 0
-259 -263 0
-259 -267 0
-259 -270 0
-263 -267 0
-263 -270 0
-267 -270 0
-7 -13 0
-7 -18 0
-7 -24 0
-7 -28 0
-7 -32 0
-7 -42 0
-7 -47 0
-7 -68 0
-7 -105 0
-7 -141 0
-13 -18 0
-13 -24 0
-13 -28 0
-13 -32 0
-13 -42 0
-13 -47 0
-13 -75 0
-13 -112 0
-13 -147 0
-13 -176 0
-13 -212 0
-18 -24 0
-18 -28 0
-18 -32 0
-18 -51 0
-18 -56 0
-18 -80 0
-18 -85 0
-18 -118 0
-18 -154 0
-18 -182 0
-18 -217 0
-24 -28 0
-24 -32 0
-24 -51 0
-24 -56 0
-24 -80 0
-24 -85 0
-24 -118 0
-24 -123 0
-24 -188 0
-24 -222 0
-24 -241 0
-28 -32 0
-28 -59 0
-28 -88 0
-28 -92 0
-28 -128 0
-28 -197 0
-28 -228 0
-32 -59 0
-32 -88 0
-32 -92 0
-32 -128 0
-32 -130 0
-32 -165 0
-32 -200 0
-32 -232 0
-32 -249 0
-42 -47 0
-42 -51 0
-42 -56 0
-42 -59 0
-42 -101 0
-42 -137 0
-42 -204 0
-47 -51 0
-47 -56 0
-47 -59 0
-47 -75 0
-47 -112 0
-47 -147 0
-47 -176 0
-47 -212 0
-51 -56 0
-51 -59 0
-51 -80 0
-51 -85 0
-51 -118 0
-51 -154 0
-51 -182 0
-51 -217 0
-56 -59 0
-56 -80 0
-56 -85 0
-56 -88 0
-56 -118 0
-56 -128 0
-56 -161 0
-56 -193 0
-56 -245 0
-59 -88 0
-59 -92 0
-59 -128 0
-59 -197 0
-59 -228 0
-68 -75 0
-68 -80 0
-68 -85 0
-68 -88 0
-68 -92 0
-68 -105 0
-68 -112 0
-68 -141 0
-68 -147 0
-68 -176 0
-68 -212 0
-68 -217 0
-75 -80 0
-75 -85 0
-75 -88 0
-75 -92 0
-75 -105 0
-75 -112 0
-75 -141 0
-75 -147 0
-75 -176 0
-75 -212 0
-75 -217 0
-80 -85 0
-80 -88 0
-80 -92 0
-80 -118 0
-80 -154 0
-80 -182 0
-80 -217 0
-85 -88 0
-85 -92 0
-85 -118 0
-85 -123 0
-85 -188 0
-85 -222 0
-85 -241 0
-88 -92 0
-88 -128 0
-88 -161 0
-88 -193 0
-88 -245 0
-92 -128 0
-92 -130 0
-92 -165 0
-92 -200 0
-92 -232 0
-92 -249 0
-101 -105 0
-101 -112 0
-101 -118 0
-101 -123 0
-101 -128 0
-101 -130 0
-101 -137 0
-101 -204 0
-105 -112 0
-105 -118 0
-105 -123 0
-105 -128 0
-105 -130 0
-105 -141 0
-105 -147 0
-105 -176 0
-105 -212 0
-105 -217 0
-112 -118 0
-112 -123 0
-112 -128 0
-112 -130 0
-112 -141 0
-112 -147 0
-112 -176 0
-112 -212 0
-112 -217 0
-118 -123 0
-118 -128 0
-118 -130 0
-118 -154 0
-118 -182 0
-118 -217 0
-123 -128 0
-123 -130 0
-123 -154 0
-123 -161 0
-123 -165 0
-123 -182 0
-123 -188 0
-123 -222 0
-123 -241 0
-128 -130 0
-128 -161 0
-128 -193 0
-128 -245 0
-130 -154 0
-130 -161 0
-130 -165 0
-130 -182 0
-130 -188 0
-130 -200 0
-130 -232 0
-130 -249 0
-137 -141 0
-137 -147 0
-137 -154 0
-137 -161 0
-137 -165 0
-137 -204 0
-141 -147 0
-141 -154 0
-141 -161 0
-141 -165 0
-141 -176 0
-141 -212 0
-141 -217 0
-147 -154 0
-147 -161 0
-147 -165 0
-147 -176 0
-147 -212 0
-147 -217 0
-154 -161 0
-154 -165 0
-154 -182 0
-154 -188 0
-154 -217 0
-161 -165 0
-161 -182 0
-161 -188 0
-161 -193 0
-161 -245 0
-165 -182 0
-165 -188 0
-165 -200 0
-165 -232 0
-165 -249 0
-176 -182 0
-176 -188 0
-176 -193 0
-176 -197 0
-176 -200 0
-176 -212 0
-176 -217 0
-182 -188 0
-182 -193 0
-182 -197 0
-182 -200 0
-182 -217 0
-188 -193 0
-188 -197 0
-188 -200 0
-188 -222 0
-188 -241 0
-193 -197 0
-193 -200 0
-193 -222 0
-193 -241 0
-193 -245 0
-197 -200 0
-197 -228 0
-197 -232 0
-197 -249 0
-200 -228 0
-200 -232 0
-200 -249 0
-204 -212 0
-204 -217 0
-204 -222 0
-204 -228 0
-204 -232 0
-212 -217 0
-212 -222 0
-212 -228 0
-212 -232 0
-217 -222 0
-217 -228 0
-217 -232 0
-222 -228 0
-222 -232 0
-222 -241 0
-222 -245 0
-228 -232 0
-228 -249 0
-232 -249 0
-241 -245 0
-241 -249 0
-245 -249 0
-3 -8 0
-3 -14 0
-3 -19 0
-3 -25 0
-3 -29 0
-3 -33 0
-3 -38 0
-3 -48 0
-3 -235 0
-8 -14 0
-8 -19 0
-8 -25 0
-8 -29 0
-8 -33 0
-8 -38 0
-8 -48 0
-8 -106 0
-8 -142 0
-8 -207 0
-14 -19 0
-14 -25 0
-14 -29 0
-14 -33 0
-14 -38 0
-14 -48 0
-14 -113 0
-14 -148 0
-14 -177 0
-14 -213 0
-14 -238 0
-19 -25 0
-19 -29 0
-19 -33 0
-19 -52 0
-19 -119 0
-19 -155 0
-19 -183 0
-19 -218 0
-25 -29 0
-25 -33 0
-25 -52 0
-25 -119 0
-25 -124 0
-25 -189 0
-25 -223 0
-25 -242 0
-29 -33 0
-29 -60 0
-33 -60 0
-33 -131 0
-33 -166 0
-38 -48 0
-38 -52 0
-38 -60 0
-38 -235 0
-48 -52 0
-48 -60 0
-48 -113 0
-48 -148 0
-48 -177 0
-48 -213 0
-48 -238 0
-52 -60 0
-52 -119 0
-52 -155 0
-52 -183 0
-52 -218 0
-106 -113 0
-106 -119 0
-106 -124 0
-106 -131 0
-106 -142 0
-106 -148 0
-106 -177 0
-106 -207 0
-106 -213 0
-106 -218 0
-113 -119 0
-113 -124 0
-113 -131 0
-113 -142 0
-113 -148 0
-113 -177 0
-113 -213 0
-113 -218 0
-113 -238 0
-119 -124 0
-119 -131 0
-119 -155 0
-119 -183 0
-119 -218 0
-124 -131 0
-124 -155 0
-124 -166 0
-124 -183 0
-124 -189 0
-124 -223 0
-124 -242 0
-131 -155 0
-131 -166 0
-131 -183 0
-131 -189 0
-142 -148 0
-142 -155 0
-142 -166 0
-142 -177 0
-142 -207 0
-142 -213 0
-142 -218 0
-148 -155 0
-148 -166 0
-148 -177 0
-148 -213 0
-148 -218 0
-148 -238 0
-155 -166 0
-155 -183 0
-155 -189 0
-155 -218 0
-166 -183 0
-166 -189 0
-177 -183 0
-177 -189 0
-177 -213 0
-177 -218 0
-177 -238 0
-183 -189 0
-183 -218 0
-189 -223 0
-189 -242 0
-207 -213 0
-207 -218 0
-207 -223 0
-207 -235 0
-207 -238 0
-213 -218 0
-213 -223 0
-213 -238 0
-218 -223 0
-223 -242 0
-235 -238 0
-235 -242 0
-238 -242 0
-4 -9 0
-4 -15 0
-4 -34 0
-4 -64 0
-4 -97 0
-4 -135 0
-4 -171 0
-9 -15 0
-9 -34 0
-9 -64 0
-9 -69 0
-9 -107 0
-9 -143 0
-9 -256 0
-15 -34 0
-15 -64 0
-15 -76 0
-15 -114 0
-15 -149 0
-15 -178 0
-34 -93 0
-34 -132 0
-34 -167 0
-64 -69 0
-64 -76 0
-64 -93 0
-64 -97 0
-64 -135 0
-64 -171 0
-69 -76 0
-69 -93 0
-69 -107 0
-69 -114 0
-69 -143 0
-69 -149 0
-69 -178 0
-69 -256 0
-76 -93 0
-76 -107 0
-76 -114 0
-76 -143 0
-76 -149 0
-76 -178 0
-93 -132 0
-93 -167 0
-97 -102 0
-97 -107 0
-97 -114 0
-97 -132 0
-97 -135 0
-97 -138 0
-97 -171 0
-102 -107 0
-102 -114 0
-102 -132 0
-102 -135 0
-102 -138 0
-102 -171 0
-102 -252 0
-107 -114 0
-107 -132 0
-107 -143 0
-107 -149 0
-107 -178 0
-107 -256 0
-114 -132 0
-114 -143 0
-114 -149 0
-114 -178 0
-132 -156 0
-132 -167 0
-132 -184 0
-135 -138 0
-135 -143 0
-135 -149 0
-135 -156 0
-135 -167 0
-135 -171 0
-138 -143 0
-138 -149 0
-138 -156 0
-138 -167 0
-138 -171 0
-138 -252 0
-143 -149 0
-143 -156 0
-143 -167 0
-143 -178 0
-143 -256 0
-149 -156 0
-149 -167 0
-149 -178 0
-156 -167 0
-156 -184 0
-167 -184 0
-171 -178 0
-171 -184 0
-178 -184 0
-252 -256 0
-20 -26 0
-20 -120 0
-20 -157 0
-20 -185 0
-20 -219 0
-26 -120 0
-26 -125 0
-26 -190 0
-26 -224 0
-26 -264 0
-98 -115 0
-98 -120 0
-98 -125 0
-98 -133 0
-98 -136 0
-98 -172 0
-115 -120 0
-115 -125 0
-115 -133 0
-115 -150 0
-115 -179 0
-115 -214 0
-115 -219 0
-115 -260 0
-120 -125 0
-120 -133 0
-120 -157 0
-120 -185 0
-120 -219 0
-125 -133 0
-125 -157 0
-125 -162 0
-125 -168 0
-125 -185 0
-125 -190 0
-125 -224 0
-125 -264 0
-133 -157 0
-133 -162 0
-133 -168 0
-133 -185 0
-133 -190 0
-133 -201 0
-133 -233 0
-133 -271 0
-136 -150 0
-136 -157 0
-136 -162 0
-136 -168 0
-136 -172 0
-150 -157 0
-150 -162 0
-150 -168 0
-150 -179 0
-150 -214 0
-150 -219 0
-150 -260 0
-157 -162 0
-157 -168 0
-157 -185 0
-157 -190 0
-157 -219 0
-162 -168 0
-162 -185 0
-162 -190 0
-162 -194 0
-168 -185 0
-168 -190 0
-168 -201 0
-168 -233 0
-168 -271 0
-172 -179 0
-172 -185 0
-172 -190 0
-172 -194 0
-172 -201 0
-179 -185 0
-179 -190 0
-179 -194 0
-179 -201 0
-179 -214 0
-179 -219 0
-179 -260 0
-185 -190 0
-185 -194 0
-185 -201 0
-185 -219 0
-190 -194 0
-190 -201 0
-190 -224 0
-190 -264 0
-194 -201 0
-194 -224 0
-194 -260 0
-194 -264 0
-201 -233 0
-201 -271 0
-214 -219 0
-214 -224 0
-214 -233 0
-214 -260 0
-219 -224 0
-219 -233 0
-224 -233 0
-224 -260 0
-224 -264 0
-233 -271 0
-260 -264 0
-260 -271 0
-264 -271 0
