p cnf 84 322

1 2 3 4 0
5 6 7 8 0
9 10 11 0
0
12 13 14 0
15 16 17 18 19 0
20 21 22 23 24 0
25 26 27 0
28 29 30 31 0
32 33 34 35 0
36 37 38 39 40 0
41 42 43 44 45 0
46 47 48 0
49 50 51 52 0
53 54 55 56 0
57 58 59 60 0
61 62 63 0
0
64 65 0
66 67 68 0
69 70 71 72 0
73 74 75 76 0
77 78 79 0
80 81 0
0
82 0
83 0
84 0
-1 -5 0
-1 -9 0
-1 -12 0
-1 -15 0
-1 -20 0
-1 -36 0
-1 -57 0
-1 -69 0
-5 -9 0
-5 -12 0
-5 -15 0
-5 -20 0
-5 -41 0
-5 -61 0
-5 -73 0
-9 -12 0
-9 -15 0
-9 -20 0
-9 -25 0
-9 -46 0
-9 -77 0
-12 -25 0
-12 -28 0
-12 -32 0
-12 -46 0
-12 -53 0
-12 -66 0
-15 -20 0
-15 -25 0
-15 -28 0
-15 -32 0
-15 -36 0
-15 -57 0
-15 -69 0
-20 -25 0
-20 -28 0
-20 -32 0
-20 -41 0
-20 -61 0
-20 -73 0
-25 -28 0
-25 -32 0
-25 -46 0
-25 -77 0
-28 -32 0
-28 -46 0
-28 -49 0
-28 -64 0
-28 -80 0
-32 -49 0
-32 -53 0
-32 -66 0
-36 -41 0
-36 -46 0
-36 -49 0
-36 -53 0
-36 -57 0
-36 -69 0
-36 -73 0
-36 -77 0
-41 -46 0
-41 -49 0
-41 -53 0
-41 -57 0
-41 -61 0
-41 -69 0
-41 -73 0
-41 -77 0
-46 -49 0
-46 -53 0
-46 -77 0
-49 -53 0
-49 -64 0
-49 -66 0
-49 -80 0
-53 -66 0
-57 -61 0
-57 -64 0
-57 -66 0
-57 -69 0
-57 -73 0
-57 -77 0
-61 -64 0
-61 -66 0
-61 -73 0
-61 -80 0
-64 -66 0
-64 -80 0
-69 -73 0
-69 -77 0
-69 -80 0
-73 -77 0
-73 -80 0
-77 -80 0
-2 -6 0
-2 -13 0
-2 -16 0
-2 -21 0
-2 -37 0
-2 -70 0
-6 -13 0
-6 -16 0
-6 -21 0
-6 -42 0
-6 -74 0
-13 -29 0
-13 -33 0
-13 -54 0
-16 -21 0
-16 -29 0
-16 -33 0
-16 -37 0
-16 -70 0
-21 -29 0
-21 -33 0
-21 -42 0
-21 -74 0
-29 -33 0
-29 -50 0
-33 -50 0
-33 -54 0
-37 -42 0
-37 -50 0
-37 -54 0
-37 -70 0
-37 -74 0
-42 -50 0
-42 -54 0
-42 -70 0
-42 -74 0
-50 -54 0
-70 -74 0
-3 -7 0
-3 -10 0
-3 -14 0
-3 -17 0
-3 -22 0
-3 -38 0
-3 -58 0
-3 -71 0
-7 -10 0
-7 -14 0
-7 -17 0
-7 -22 0
-7 -43 0
-7 -62 0
-7 -75 0
-10 -14 0
-10 -17 0
-10 -22 0
-10 -26 0
-10 -47 0
-10 -78 0
-14 -26 0
-14 -30 0
-14 -34 0
-14 -47 0
-14 -55 0
-14 -67 0
-17 -22 0
-17 -26 0
-17 -30 0
-17 -34 0
-17 -38 0
-17 -58 0
-17 -71 0
-22 -26 0
-22 -30 0
-22 -34 0
-22 -43 0
-22 -62 0
-22 -75 0
-26 -30 0
-26 -34 0
-26 -47 0
-26 -78 0
-30 -34 0
-30 -47 0
-30 -51 0
-30 -65 0
-30 -81 0
-34 -51 0
-34 -55 0
-34 -67 0
-38 -43 0
-38 -47 0
-38 -51 0
-38 -55 0
-38 -58 0
-38 -71 0
-38 -75 0
-38 -78 0
-43 -47 0
-43 -51 0
-43 -55 0
-43 -58 0
-43 -62 0
-43 -71 0
-43 -75 0
-43 -78 0
-47 -51 0
-47 -55 0
-47 -78 0
-51 -55 0
-51 -65 0
-51 -67 0
-51 -81 0
-55 -67 0
-58 -62 0
-58 -65 0
-58 -67 0
-58 -71 0
-58 -75 0
-58 -78 0
-62 -65 0
-62 -67 0
-62 -75 0
-62 -81 0
-65 -67 0
-65 -81 0
-71 -75 0
-71 -78 0
-71 -81 0
-75 -78 0
-75 -81 0
-78 -81 0
-4 -8 0
-4 -11 0
-4 -18 0
-4 -23 0
-4 -39 0
-4 -59 0
-8 -11 0
-8 -18 0
-8 -23 0
-8 -44 0
-11 -18 0
-11 -23 0
-11 -27 0
-11 -48 0
-18 -23 0
-18 -27 0
-18 -31 0
-18 -39 0
-18 -59 0
-23 -27 0
-23 -31 0
-23 -44 0
-27 -31 0
-27 -48 0
-31 -48 0
-31 -52 0
-39 -44 0
-39 -48 0
-39 -52 0
-39 -59 0
-44 -48 0
-44 -52 0
-44 -59 0
-48 -52 0
-19 -24 0
-19 -35 0
-19 -40 0
-19 -60 0
-19 -72 0
-24 -35 0
-24 -45 0
-24 -63 0
-24 -76 0
-35 -56 0
-35 -68 0
-40 -45 0
-40 -56 0
-40 -60 0
-40 -72 0
-40 -76 0
-40 -79 0
-45 -56 0
-45 -60 0
-45 -63 0
-45 -72 0
-45 -76 0
-45 -79 0
-56 -68 0
-60 -63 0
-60 -68 0
-60 -72 0
-60 -76 0
-60 -79 0
-63 -68 0
-63 -76 0
-72 -76 0
-72 -79 0
-76 -79 0
