c idk why i get 0 by themselves -> count as clauses
c the clause counter is wrong (should be 100)
p cnf 39 103

0
1 2 3 0
4 5 6 0
7 0
8 9 0
10 11 12 0
13 14 15 0
0
16 17 18 0
19 20 21 22 0
23 24 25 26 0
27 28 0
29 30 0
31 32 33 0
34 35 36 0
0
37 0
38 0
39 0
-1 -4 0
-1 -19 0
-1 -31 0
-4 -23 0
-4 -34 0
-16 -19 0
-16 -23 0
-16 -29 0
-19 -23 0
-19 -29 0
-19 -31 0
-23 -29 0
-23 -34 0
-29 -31 0
-29 -34 0
-31 -34 0
-2 -5 0
-2 -8 0
-2 -10 0
-2 -20 0
-5 -8 0
-5 -13 0
-5 -24 0
-8 -10 0
-8 -13 0
-8 -17 0
-10 -13 0
-10 -20 0
-13 -24 0
-17 -20 0
-17 -24 0
-20 -24 0
-11 -14 0
-11 -21 0
-11 -32 0
-14 -25 0
-14 -35 0
-21 -25 0
-21 -27 0
-21 -32 0
-25 -27 0
-25 -35 0
-27 -32 0
-27 -35 0
-32 -35 0
-3 -6 0
-3 -7 0
-3 -9 0
-3 -12 0
-3 -22 0
-3 -33 0
-6 -7 0
-6 -9 0
-6 -15 0
-6 -26 0
-6 -36 0
-7 -12 0
-7 -15 0
-7 -28 0
-9 -12 0
-9 -15 0
-9 -18 0
-9 -30 0
-12 -15 0
-12 -22 0
-12 -33 0
-15 -26 0
-15 -36 0
-18 -22 0
-18 -26 0
-18 -28 0
-18 -30 0
-22 -26 0
-22 -28 0
-22 -30 0
-22 -33 0
-26 -28 0
-26 -30 0
-26 -36 0
-28 -33 0
-28 -36 0
-30 -33 0
-30 -36 0
-33 -36 0
